2327 17  
29372.465 51074.363 3501 52
29394.005 51105.998 3501 52
29400.143 51059.933 3501 52
29426.2 51071.595 3501 52
29408.009 51069.32 3501 52
29441.803 51076.832 3501 52
29401.406 51079.419 3501 52
29395.351 51105.552 3501 52
29418.509 51079.86 3501 52
29420.148 51052.917 3501 52
29406.921 51075.257 3501 52
29408.892 51057.771 3501 52
29411.344 51077.837 3501 15
29411.024 51057.292 3501 15
29425.837 51075.452 3501 15
29415.429 51058.75 3501 15
29423.095 51053.045 3501 15
29355.684 51137.546 3501 15
29430.664 51075.084 3501 15
29402.341 51059.77 3501 15
29440.586 51076.836 3501 15
29399.756 51074.529 3501 15
29370.671 51103.799 3501 15
29425.355 51062.711 3501 15
29440.134 51080.808 3501 15
29440.134 51080.808 3501 15
29419.491 51053.303 3501 15
29408.23 51077.061 3501 15
29416.825 51058.905 3501 15
29424.475 51063.107 3501 15
29401.392 51057.396 3501 15
29435.348 51081.16 3501 15
29424.225 51061.115 3501 15
29374.461 51070.31 3501 15
29415.698 51063.621 3501 15
29394.814 51106.666 3501 15
29442.216 51079.895 3501 15
29415.698 51063.621 3501 15
29440.548 51077.181 3501 15
29413.593 51058.518 3501 15
29395.412 51067.129 3501 15
29424.436 51061.546 3501 15
29424.475 51063.107 3501 15
29357.549 51127.465 3501 15
29312.389 50567.448 3501 15
29403.593 51078.681 3501 15
29396.406 51087.945 3501 15
29399.6 51074.756 3501 15
29414.486 51073.936 3501 15
29401.658 51079.085 3501 15
29401.062 51056.615 3501 15
29407.051 51072.672 3501 15
29422.776 51069.368 3501 15
29361.714 51120.56 3501 15
29436.25 51079 3501 15
29411.045 51050.719 3501 15
29422.313 51055.444 3501 15
29422.106 51057.693 3501 15
29403.569 51074.477 3501 15
29409.044 51057.793 3501 15
29388.385 51064.272 3501 15
29401.703 51078.889 3501 15
29318.821 51129.522 3501 15
29373.04 51077.696 3501 15
29424.472 51069.355 3501 15
29392.213 51104.574 3501 15
29349.809 51093.612 3501 15
29398.249 51118.432 3501 15
29429.856 51070.382 3501 15
29423.145 51071.224 3501 15
29387.769 51063.701 3501 15
29402.839 51065.701 3501 15
29392.721 51104.456 3501 15
29421.381 51054.621 3501 15
29401.406 51079.419 3501 15
29365.492 51042.816 3501 15
29409.322 51054.041 3501 15
29370.42 51103.53 3501 17
29359.608 51093.992 3501 17
29416.489 51075.601 3501 17
29398.026 51065.798 3501 17
29396.963 51091.117 3501 17
29426.332 51074.102 3501 17
29426.408 51074.181 3501 17
29400.749 51058.582 3501 17
29400.685 51058.579 3501 17
29415.1 51047.194 3501 8
29418.537 51074.684 3501 8
29400.268 51056.071 3501 8
29420.035 51057.528 3501 8
29397.686 50598.608 3501 8
29394.814 51106.666 3501 8
29418.467 51073.564 3501 8
29441.728 51076.857 3501 8
29420.572 51053.695 3501 8
29422.707 51052.362 3501 8
29419.552 51051.614 3501 8
29409.921 51075.418 3501 8
29403.495 51075.096 3501 8
29372.566 51122.865 3501 8
29424.619 51062.931 3501 8
29424.626 51062.941 3501 8
29349.071 51050.457 3501 8
29349.064 51050.461 3501 8
29298.962 50590.222 3501 8
29386.71 51095.254 3501 8
29437.553 51080.688 3501 122
29420.937 51133.873 3501 20
29350.339 51130.136 3501 20
29360.425 51120.229 3501 20
29364.633 51120.923 3501 20
29382.545 50552.405 3501 20
29381.395 50557.356 3501 20
29394.107 50567.624 3501 20
29391.922 50554.337 3501 20
29394.274 50566.029 3501 20
29386.34 50556.269 3501 20
29385.632 50562.193 3501 20
29389.389 50559.315 3501 20
29388.017 50555.62 3501 20
29384.021 50555.919 3501 20
29387.447 50555.61 3501 20
29381.252 51003.415 3501 20
29365.227 51099.235 3501 20
29366.821 51099.8 3501 20
29374.305 51098.693 3501 20
29376.138 51083.457 3501 20
29371.452 51096.176 3501 20
29367.114 51097.754 3501 20
29370.901 51096.29 3501 20
29370.027 51096.36 3501 20
29371.469 51100.025 3501 20
29367.008 51097.686 3501 20
29355.673 51096.003 3501 20
29359.632 51093.683 3501 20
29395.679 51086.24 3501 20
29398.545 50599.797 3501 20
29397.686 50598.608 3501 20
29371.734 51104.33 3501 20
29363.835 51109.49 3501 20
29398.383 51100.767 3501 20
29398.232 51101.818 3501 20
29398.283 51119.784 3501 20
29397.307 51111.362 3501 20
29404.287 51112.906 3501 20
29365.225 51105.602 3501 20
29349.855 51093.585 3501 20
29398.545 50599.797 3501 20
29401.081 51087.321 3501 20
29399.59 51093.822 3501 20
29400.753 51093.417 3501 20
29385.265 51086.874 3501 20
29395.199 51091.082 3501 20
29395.926 51091.971 3501 20
29399.113 51093.146 3501 20
29396.381 51092.048 3501 20
29423.137 51056.534 3501 20
29418.157 51055.193 3501 20
29421.594 51055.699 3501 20
29422.395 51056.179 3501 20
29421.251 51055.639 3501 20
29420.726 51056.867 3501 20
29418.344 51055.354 3501 20
29410.516 51056.871 3501 20
29406.447 51054.678 3501 20
29410.465 51055.316 3501 20
29405.345 51054.516 3501 20
29407.772 51053.769 3501 20
29405.729 51057.338 3501 20
29416.822 51058.652 3501 20
29399.073 51089.196 3501 20
29397.525 51090.239 3501 20
29416.391 51052.431 3501 20
29420.572 51053.695 3501 20
29420.901 51052.518 3501 20
29420.649 51053.257 3501 20
29420.951 51052.837 3501 20
29421.32 51053.216 3501 20
29421.151 51052.59 3501 20
29420.392 51052.8 3501 20
29422.063 51053.03 3501 20
29420.852 51052.74 3501 20
29420.173 51052.698 3501 20
29421.722 51052.921 3501 20
29420.243 51052.438 3501 20
29420.536 51054.481 3501 20
29421.449 51053.199 3501 20
29422.051 51052.807 3501 20
29420.182 51052.596 3501 20
29417.067 51052.534 3501 20
29412.289 51049.727 3501 20
29415.978 51050.984 3501 20
29414.942 51050.151 3501 20
29420.883 51051.043 3501 20
29402.021 51060.576 3501 20
29403.525 51058.759 3501 20
29399.763 51058.168 3501 20
29400.995 51056.713 3501 20
29400.771 51056.975 3501 20
29400.747 51057.081 3501 20
29402.326 51064.591 3501 20
29400.118 51062.449 3501 20
29400.034 51062.429 3501 20
29399.826 51062.927 3501 20
29399.817 51062.913 3501 20
29400.049 51061.954 3501 20
29400.309 51060.098 3501 20
29399.596 51059.711 3501 20
29399.926 51056.461 3501 20
29399.226 51059.319 3501 20
29400.669 51092.262 3501 20
29397.483 51105.904 3501 20
29400.184 51106.817 3501 20
29399.792 51104.854 3501 20
29422.963 51056.334 3501 20
29409.581 51057.972 3501 20
29418.191 51056.302 3501 20
29412.518 51058.343 3501 20
29421.285 51056.474 3501 20
29421.245 51053.418 3501 20
29414.561 51047.034 3501 20
29415.875 51046.19 3501 20
29416.834 51047.127 3501 20
29422.589 51055.041 3501 20
29422.67 51055.045 3501 20
29422.24 51054.324 3501 20
29422.916 51053.357 3501 20
29422.184 51054.028 3501 20
29420.519 51053.575 3501 20
29420.667 51053.12 3501 20
29422.921 51052.985 3501 20
29421.09 51052.578 3501 20
29412.02 51046.675 3501 20
29421.373 51052.346 3501 20
29421.454 51052.355 3501 20
29397.187 51063.882 3501 20
29398.387 51065.227 3501 20
29400.718 51064.073 3501 20
29401.7 51063.731 3501 20
29389.727 51066.753 3501 20
29410.112 51075.402 3501 20
29388.658 51063.87 3501 20
29388.148 51063.851 3501 20
29392.356 51062.513 3501 20
29392.857 51064.913 3501 20
29393.239 51062.607 3501 20
29391.813 51065.124 3501 20
29390.234 51064.845 3501 20
29391.73 51065.056 3501 20
29390.5 51065.437 3501 20
29399.241 51095.423 3501 20
29395.879 51106.807 3501 20
29392.283 51109.262 3501 20
29390.6 51110.371 3501 20
29392.242 51110.852 3501 20
29340.188 51050.426 3501 20
29357.332 51042.55 3501 20
29403.292 51059.258 3501 20
29400.897 51058.65 3501 20
29401.042 51057.673 3501 20
29401.118 51057.446 3501 20
29396.79 51062.348 3501 20
29399.705 51059.676 3501 20
29409.029 51078.583 3501 20
29404.64 51077.589 3501 20
29405.129 51077.535 3501 20
29403.147 51077.496 3501 20
29408.581 51077.153 3501 20
29401.842 51072.646 3501 20
29398.561 51072.968 3501 20
29402.997 51075.074 3501 20
29403.495 51075.096 3501 20
29402.862 51075.92 3501 20
29403.688 51078.607 3501 20
29406.547 51078.094 3501 20
29412.797 51075.123 3501 20
29415.379 51076.796 3501 20
29408.846 51069.356 3501 20
29410.362 51069.597 3501 20
29409.491 51068.794 3501 20
29414.835 51067.022 3501 20
29414.315 51067.002 3501 20
29415.29 51066.965 3501 20
29409.137 51068.909 3501 20
29412.514 51072.84 3501 20
29416.147 51071.765 3501 20
29416.5 51075.018 3501 20
29415.549 51073.135 3501 20
29418.457 51073.728 3501 20
29418.41 51073.873 3501 20
29414.639 51071.888 3501 20
29397.689 51073.556 3501 20
29353.018 51050.084 3501 20
29349.672 51049.979 3501 20
29417.65 51077.205 3501 20
29419.584 51076.405 3501 20
29416.532 51076.145 3501 20
29413.276 51076.318 3501 20
29419.292 51076.197 3501 20
29417.615 51076.207 3501 20
29426.592 51077.193 3501 20
29417.874 51072.319 3501 20
29349.695 51056.201 3501 20
29348.174 51056.317 3501 20
29352.971 51058.683 3501 20
29352.025 51056.382 3501 20
29347.178 51065.169 3501 20
29391.632 51109.464 3501 20
29395.76 51113.05 3501 20
29395.835 51112.395 3501 20
29406.547 51078.094 3501 20
29422.342 51074.695 3501 20
29410.459 51077.039 3501 20
29392.953 51068.828 3501 20
29400.637 51074.955 3501 20
29397.222 51066.038 3501 20
29398.148 51065.649 3501 20
29390.934 51068.118 3501 20
29390.521 51066.777 3501 20
29390.267 51066.752 3501 20
29390.407 51066.767 3501 20
29396.321 51081.838 3501 20
29396.246 51064.965 3501 20
29349.064 51050.461 3501 20
29349.071 51050.457 3501 20
29329.173 51031.62 3501 20
29328.447 51047.496 3501 20
29326.232 51058.541 3501 20
29326.52 51054.474 3501 20
29325.454 51053.737 3501 20
29324.682 51052.728 3501 20
29430.304 51068.998 3501 20
29423.067 51066.662 3501 20
29425.389 51066.303 3501 20
29430.788 51068.407 3501 20
29427.269 51067.249 3501 20
29419.501 51070.543 3501 20
29420.675 51068.938 3501 20
29420.125 51069.295 3501 20
29422.277 51069.204 3501 20
29414.728 51076.242 3501 20
29430.754 51073.382 3501 20
29430.834 51072.522 3501 20
29422.184 51062.642 3501 20
29425.718 51062.877 3501 20
29425.723 51062.875 3501 20
29422.815 51063.692 3501 20
29423.766 51064.967 3501 20
29423.43 51063.737 3501 20
29423.67 51070.82 3501 20
29426.013 51074.282 3501 20
29418.77 51072.99 3501 20
29308.619 51055.919 3501 20
29430.184 51074.017 3501 20
29426.133 51063.266 3501 20
29428.856 51077.144 3501 20
29410.291 51075.915 3501 20
29428.783 51069.74 3501 20
29436.214 51079.042 3501 20
29436.769 51077.06 3501 20
29436.095 51078.938 3501 20
29435.412 51078.679 3501 20
29438.376 51082.027 3501 20
29441.529 51079.474 3501 20
29440.939 51081.178 3501 20
29432.264 51073.651 3501 20
29440.548 51077.181 3501 20
29439.364 51077.646 3501 20
29320.777 51040.212 3501 20
29325.661 51052.839 3501 20
29313.675 51036.143 3501 20
29313.666 51036.376 3501 20
29317.812 51042.758 3501 20
29313.241 51035.645 3501 20
29310.06 51020.417 3501 20
29312.99 51003.117 3501 20
29328.724 50574.946 3501 20
29325.802 50589.163 3501 20
29329.114 50567.448 3501 20
29378.296 51168.713 3501 20
29296.003 51026.314 3501 20
29297.403 51031.069 3501 20
29297.452 51029.198 3501 20
29405.052 51078.942 3501 20
29435.042 51084.652 3501 20
29301.12 50595.634 3501 20
29310.597 50546.411 3501 20
29310.599 50546.414 3501 20
29310.599 50546.438 3501 20
29310.598 50546.459 3501 20
29310.592 50546.414 3501 20
29433.604 51085.428 3501 20
29433.995 51083.515 3501 20
29435.017 51087.641 3501 20
29433.214 51082.923 3501 20
29430.598 51082.772 3501 20
29430.459 51085.621 3501 20
29286.82 51007.397 3501 20
29420.355 51078.498 3501 20
29418.556 51080.009 3501 20
29418.694 51081.832 3501 20
29442.147 51077.431 3501 20
29269.255 50590.911 3501 20
29261.834 51005.019 3501 20
29281.869 51022.358 3501 20
29313.231 51002.523 3501 20
29417.856 51080.063 3501 20
29417.591 51085.376 3501 20
29426.046 51086.548 3501 20
29425.891 51084.016 3501 20
29425.934 51084.381 3501 20
29425.942 51084.689 3501 20
29427.265 51084.835 3501 20
29427.278 51085.785 3501 20
29392.483 50592.893 3501 20
29435.264 51086.667 3501 20
29371.734 51104.33 3501 15
29363.835 51109.49 3501 15
29419.826 51056.676 3501 15
29396.555 51108.396 3501 15
29422.916 51053.357 3501 15
29405.641 51075.069 3501 15
29403.569 51074.477 3501 15
29412.02 51046.675 3501 15
29410.516 51071.427 3501 15
29410.25 51069.771 3501 15
29436.095 51078.938 3501 15
29316.586 50599.947 3501 10
29411.954 51046.677 3501 10
29398.629 50598.145 3501 10
29407.928 51054.887 3501 10
29413.11 51054.557 3501 10
29415.605 51058.487 3501 10
29400.166 51094.503 3501 10
29399.35 51094.406 3501 10
29421.624 51052.26 3501 10
29415.391 51050.243 3501 10
29414.509 51049.56 3501 10
29401.118 51057.446 3501 10
29400.346 51074.194 3501 10
29370.671 51103.799 3501 20
29420.786 51057.258 3501 20
29386.743 51095.069 3501 20
29398.086 51061.639 3501 20
29325.778 51031.639 3501 20
29420.69 51053.054 3501 37
29393.177 51067.204 3501 37
29411.024 51057.292 3501 37
29318.821 51129.522 3501 37
29397.081 51063.896 3501 37
29437.161 51079.777 3501 22
29435.264 51086.667 3501 22
29423.001 51070.333 3501 22
29412.991 51073.918 3501 22
29421.898 51086.659 3501 22
29359.385 51092.142 3501 22
29398.631 51088.944 3501 22
29365.145 51038.194 3501 22
29397.689 51073.556 3501 22
29327.402 50554.142 3501 22
29391.476 51109.751 3501 22
29422.993 51054.234 3501 22
29400.697 51089.706 3501 22
29396.174 51090.652 3501 22
29386.71 51095.254 3501 22
29377.568 51071.48 3501 22
29423.602 51076.07 3501 22
29350.829 51129.831 3501 22
29399.6 51074.756 3501 22
29425.355 51062.711 3501 22
29419.212 51076.673 3501 22
29430.472 51076.622 3501 22
29416.825 51058.905 3501 22
29306.284 51059.219 3501 22
29423.109 51053.426 3501 22
29416.348 51066.768 3501 22
29432.623 51074.491 3501 22
29426.189 51067.825 3501 22
29400.677 51091.14 3501 22
29414.252 51046.592 3501 22
29420.667 51053.12 3501 22
29420.572 51053.695 3501 22
29422.707 51052.362 3501 22
29410.372 51056.255 3501 22
29419.552 51051.614 3501 22
29407.685 51073.207 3501 22
29401.392 51057.396 3501 22
29411.954 51046.677 3501 22
29420.035 51057.528 3501 22
29435.348 51081.16 3501 22
29440.548 51077.181 3501 22
29394.814 51106.666 3501 22
29420.035 51057.528 3501 22
29425.837 51075.452 3501 22
29398.308 51092.156 3501 22
29412.02 51046.675 3501 22
29448.272 51041.034 3501 22
29441.038 51080.412 3501 22
29434.794 51082.114 3501 22
29401.062 51056.615 3501 22
29349.071 51050.457 3501 22
29349.064 51050.461 3501 22
29412.585 51075.381 3501 22
29397.686 50598.608 3501 22
29397.691 50598.477 3501 22
29318.821 51129.522 3501 22
29431.747 51071.672 3501 22
29310.598 50546.459 3501 22
29396.321 51081.838 3501 12
29434.882 51088.441 3501 25
29411.916 51076.541 3501 25
29434.885 51088.423 3501 25
29396.21 51107.764 3501 25
29349.905 51057.986 3501 25
29414.109 51071.329 3501 25
29433.94 51085.12 3501 25
29406.339 51056.606 3501 25
29408.276 51076.503 3501 25
29401.784 51058.488 3501 25
29416.368 51058.803 3501 25
29350.829 51129.831 3501 25
29393.558 51090.598 3501 25
29388.385 51064.272 3501 25
29399.6 51074.756 3501 25
29427.561 51078.876 3501 25
29326.701 51055.009 3501 25
29323.739 51052.724 3501 25
29395.647 51107.714 3501 25
29391.636 51064.124 3501 25
29388.794 51096.074 3501 25
29395.679 51086.24 3501 25
29396.623 51118.111 3501 25
29424.817 51070.336 3501 25
29408.273 51053.467 3501 25
29314.453 51012.332 3501 25
29430.994 51087.196 3501 25
29420.638 51053.356 3501 25
29318.821 51129.522 3501 25
29395.022 51091.057 3501 25
29403.569 51074.477 3501 25
29371.007 51100.581 3501 25
29371.018 51100.587 3501 25
29357.734 51123.9 3501 25
29397.081 51063.896 3501 25
29437.639 51078.453 3501 25
29437.631 51078.448 3501 25
29437.631 51078.448 3501 25
29439.325 51077.51 3501 25
29284.821 50593.73 3501 25
29415.626 51058.785 3501 25
29398.192 51101.928 3501 25
29392.908 51101.117 3501 25
29324.669 51131.145 3501 25
29415.583 51070.708 3501 25
29420.69 51053.054 3501 24
29393.177 51067.204 3501 24
29411.024 51057.292 3501 24
29318.821 51129.522 3501 24
29386.75 51095.357 3501 24
29397.081 51063.896 3501 24
29366.213 51096.057 3501 32
29401.981 51075.382 3501 32
29411.005 51057.394 3501 32
29391.775 51062.461 3501 32
29371.056 51106.589 3501 32
29430.479 51074.631 3501 32
29399.519 51101.483 3501 32
29425.927 51077.928 3501 32
29427.426 51071.495 3501 32
29427.45 51071.586 3501 32
29427.468 51071.702 3501 32
29410.078 51075.392 3501 32
29381.258 51003.432 3501 32
29413.297 51075.479 3501 32
29361.216 51042.816 3501 32
29317.953 51038.672 3501 32
29410.746 51057.356 3501 32
29395.442 51115.576 3501 32
29424.167 51063.167 3501 32
29434.058 51085.499 3501 32
29429.046 51074.855 3501 32
29307.386 51031.272 3501 32
29396.903 51086.136 3501 32
29418.291 51077.652 3501 32
29307.158 51031.309 3501 32
29426.2 51071.595 3501 32
29416.489 51075.601 3501 32
29418.426 51077.695 3501 32
29418.326 51077.598 3501 32
29410.03 51075.335 3501 32
29393.373 51107.845 3501 32
29375.067 51083.848 3501 32
29379.261 51071.635 3501 32
29399.364 50562.741 3501 32
29413.608 51068.023 3501 32
29399.849 51059.398 3501 32
29416.646 51060.833 3501 20
29382.904 51007.982 3501 20
29381.04 51030.85 3501 20
29390.864 51024.192 3501 20
29424.386 51083.885 3501 20
29409.129 51041.935 3501 20
29316.586 50599.947 3501 3
29393.422 51106.123 3501 3
29395.294 51105.685 3501 3
29417.856 51080.063 3501 3
29403.292 51059.258 3501 3
29429.551 51079.501 3501 10
29408.117 51074.643 3501 10
29374.981 50583.567 3501 10
29408.23 51077.061 3501 10
29348.193 51051.738 3501 10
29346.946 51057.626 3501 10
29422.232 51085.557 3501 10
29408.202 51074.546 3501 10
29403.167 51067.558 3501 10
29408.255 51074.85 3501 10
29387.616 51057.253 3501 10
29430.75 51080.175 3501 10
29432.197 51079.959 3501 10
29423.569 51084.361 3501 10
29423.34 51085.104 3501 10
29426.569 51084.154 3501 10
29435.264 51086.667 3501 10
29409.72 51025.949 3501 10
29430.761 51084.669 3501 10
29432.018 51087.309 3501 10
29429.591 51066.48 3501 10
29429.524 51067.798 3501 10
29416.105 51086.744 3501 10
29430.022 51073.578 3501 10
29430.271 51070.724 3501 10
29408.203 51074.762 3501 10
29408.171 51074.701 3501 10
29405.986 51070.268 3501 10
29400.327 51064.704 3501 10
29406.571 51068.382 3501 10
29406.499 51068.386 3501 10
29407.051 51072.672 3501 10
29399.6 51074.756 3501 10
29407.051 51072.672 3501 10
29408.202 51074.546 3501 10
29429.457 51075.139 3501 10
29426.566 51082.818 3501 10
29429.785 51081.101 3501 10
29354.707 51047.186 3501 44
29417.139 51050.442 3501 44
29391.262 51064.188 3501 44
29401.212 51075.263 3501 44
29398.665 51069.994 3501 44
29410.146 51075.375 3501 44
29407.318 51077.678 3501 44
29397.934 51088.265 3501 44
29404.54 51061.374 3501 44
29348.531 51055.046 3501 44
29402.479 51078.486 3501 44
29367.283 51098.99 3501 44
29423.869 51072.792 3501 44
29404.182 51061.209 3501 44
29397.628 51088.119 3501 44
29424.226 51073.553 3501 44
29420.031 51057.063 3501 44
29432.48 51073.712 3501 44
29402.398 51062.11 3501 44
29414.42 51076.056 3501 44
29401.597 51059.96 3501 44
29415.944 51071.115 3501 44
29419.511 51085.946 3501 44
29414.112 51071.18 3501 44
29440.797 51078.797 3501 44
29430.123 51081.941 3501 44
29403.181 51062.526 3501 44
29407.497 51076.486 3501 44
29413.607 51051.385 3501 44
29418.566 51077.138 3501 44
29416.802 51086.148 3501 44
29375.355 51065.211 3501 44
29423.315 51055.332 3501 44
29406.763 51054.718 3501 44
29414.017 51050.031 3501 44
29357.514 51049.619 3501 44
29399.59 51093.832 3501 44
29406.373 51077.041 3501 44
29406.355 51076.973 3501 44
29349.993 51055.565 3501 44
29406.497 51077.392 3501 44
29424.772 51062.979 3501 44
29392.02 51112.458 3501 44
29374.896 51052.532 3501 44
29413.489 51058.092 3501 44
29402.451 51060.824 3501 44
29442.216 51079.895 3501 44
29406.19 51053.352 3501 44
29420.993 51057.688 3501 44
29384.891 51085.833 3501 44
29424.772 51062.979 3501 44
29418.429 51076.447 3501 44
29364.904 51105.731 3501 44
29403.031 51077.397 3501 44
29423.151 51074.749 3501 44
29392.429 51102.832 3501 44
29407.418 51077.012 3501 44
29410.806 51076.956 3501 44
29360.754 51133.311 3501 15
29372.365 51102.908 3501 15
29397.691 50598.477 3501 15
29407.7 51053.569 3501 15
29411.939 51055.555 3501 15
29400.753 51093.417 3501 15
29399.59 51093.822 3501 15
29407.397 51076.88 3501 15
29402.943 51063.722 3501 15
29400.184 51106.817 3501 15
29408.383 51076.991 3501 15
29396.321 51081.838 3501 15
29308.619 51055.919 3501 15
29313.241 51035.645 3501 15
29310.592 50546.414 3501 15
29400.677 51091.14 3501 34
29347.307 51064.617 3501 34
29418.458 51056.163 3501 34
29416.748 51058.455 3501 34
29416.392 51052.765 3501 34
29317.426 51041.979 3501 34
29394.606 51090.734 3501 34
29420.786 51057.258 3501 34
29386.831 50548.813 3501 34
29402.455 51078.878 3501 34
29425.927 51077.928 3501 32
29427.45 51071.586 3501 32
29427.468 51071.702 3501 32
29427.426 51071.495 3501 32
29381.258 51003.432 3501 32
29413.297 51075.479 3501 32
29317.953 51038.672 3501 32
29410.746 51057.356 3501 32
29395.442 51115.576 3501 32
29307.386 51031.272 3501 32
29307.158 51031.309 3501 32
29426.2 51071.595 3501 32
29393.373 51107.845 3501 32
29375.067 51083.848 3501 32
29379.261 51071.635 3501 32
29399.364 50562.741 3501 32
29399.849 51059.398 3501 32
29413.608 51068.023 3501 32
29322.606 51051.675 3501 32
29374.056 51072.324 3501 32
29427.38 51071.396 3501 32
29355.998 51138.593 3501 32
29374.19 51072.356 3501 32
29417.704 51069.291 3501 32
29417.717 51069.287 3501 32
29409.725 51078.14 3501 32
29399.068 51108.902 3501 32
29386.84 51086.865 3501 32
29420.439 51086.688 3501 17
29388.446 51064.272 3501 17
29372.729 51076.87 3501 17
29419.847 51085.882 3501 17
29377.776 51073.685 3501 17
29351.476 51129.707 3501 17
29416.673 51067.046 3501 17
29401.113 51058.367 3501 17
29397.534 51115.251 3501 17
29413.717 51074.42 3501 17
29398.215 51065.746 3501 17
29436.382 51079.293 3501 17
29390.132 51067.487 3501 17
29421.28 51069.277 3501 17
29359.609 51126.357 3501 17
29401.216 51093.41 3501 17
29402.751 51097.434 3501 17
29439.45 51081.381 3501 17
29423.499 51056.346 3501 17
29373.865 51071.84 3501 17
29374.525 51073.025 3501 17
29396.181 51090.546 3501 17
29371.675 51100.291 3501 17
29374.431 51073.011 3501 17
29423.828 51076.948 3501 17
29374.017 51071.854 3501 17
29389.542 50558.058 3501 17
29374.521 51072.945 3501 17
29373.756 51072.383 3501 17
29374.969 51073.003 3501 17
29374.3 51072.144 3501 17
29363.42 51074.142 3501 17
29418.344 51055.354 3501 8
29440.939 51081.178 3501 8
29386.934 50561.2 3501 12
29403.877 51078.22 3501 12
29437.971 51078.855 3501 12
29312.391 50567.449 3501 12
29416.172 51076.136 3501 12
29421.047 51053.095 3501 12
29417.813 51085.53 3501 12
29381.24 50559.382 3501 12
29281.701 50593.299 3501 12
29356.874 51041.478 3501 12
29381.24 50559.382 3501 12
29321.164 51038.219 3501 12
29414.36 51058.608 3501 12
29308.295 51052.294 3501 12
29431.215 51072.609 3501 12
29435.264 51086.667 3501 27
29408.202 51074.546 3501 27
29381.04 51030.85 3501 27
29407.051 51072.672 3501 27
29371.308 51002.177 3501 27
29424.386 51083.885 3501 27
29394.233 51088.956 3501 5
29423.479 51063.571 3501 5
29381.24 50559.382 3501 5
29417.856 51080.063 3501 5
29397.603 51061.652 3501 5
29410.726 51077.025 3501 5
29381.24 50559.382 3501 5
29406.477 51054.719 3501 5
29427.72 51084.618 3501 5
29427.718 51084.703 3501 5
29427.587 51085.165 3501 5
29426.834 51113.39 3501 52
29472.984 51089.239 3501 52
29470.434 51083.634 3501 52
29447.832 51096.665 3501 52
29465.016 51098.996 3501 52
29463.669 51069.312 3501 52
29463.232 51101.778 3501 52
29493.167 51083.975 3501 52
29438.275 51097.105 3501 52
29455.742 51063.403 3501 52
29467.78 51091.301 3501 52
29466.011 51069.978 3501 52
29458.001 51023.316 3501 52
29468.564 51087.847 3501 52
29463.068 51082.52 3501 15
29431.517 51097.026 3501 15
29460.394 51067.043 3501 15
29459.287 51084.22 3501 15
29458.902 51084.598 3501 15
29463.253 51069.44 3501 15
29435.204 51112.008 3501 15
29460.657 51087.209 3501 15
29460.545 51091.55 3501 15
29463.66 51095.252 3501 15
29437.402 51022.545 3501 15
29491.568 51091.797 3501 15
29467.95 51062.073 3501 15
29487.607 51098.088 3501 15
29496.852 51086.386 3501 15
29460.991 51091.63 3501 15
29450.328 51060.998 3501 15
29474.688 51081.145 3501 15
29457.228 51090.865 3501 15
29462.519 51072.542 3501 15
29488.692 51073.394 3501 15
29498.107 51079.622 3501 15
29437.635 51115.744 3501 15
29474.901 51080.364 3501 15
29447.957 51101.598 3501 15
29492.95 51090.217 3501 15
29462.972 51083.538 3501 15
29477.869 51109.594 3501 15
29496.528 51078.77 3501 15
29399.992 51152.311 3501 15
29436.545 51111.523 3501 15
29443.513 51096.876 3501 15
29437.236 51097.669 3501 15
29491.243 51105.767 3501 15
29457.793 51052.914 3501 15
29461.387 51075.757 3501 15
29487.143 51107.709 3501 15
29461.387 51075.757 3501 15
29458.977 51053.382 3501 15
29486.077 51042.628 3501 15
29449.984 51093.562 3501 15
29489.583 51086 3501 15
29489.583 51086 3501 15
29489.628 51085.948 3501 15
29436.051 51113.947 3501 15
29441.113 51098.269 3501 15
29498.937 51084.924 3501 15
29492.37 51097.868 3501 15
29502.447 51079.844 3501 15
29459.037 51062.832 3501 15
29487.64 51089.12 3501 15
29435.988 51113.954 3501 15
29460.128 51024.516 3501 15
29459.048 51084.279 3501 15
29463.253 51069.44 3501 15
29458.028 51092.983 3501 15
29463.375 51100.367 3501 15
29463.266 51080.523 3501 15
29452.228 51087.36 3501 15
29464.522 51103.27 3501 15
29507.265 51076.24 3501 15
29445.675 51098.794 3501 15
29436.051 51113.947 3501 15
29498.937 51084.924 3501 15
29495.07 51083.597 3501 15
29463.057 51101.101 3501 15
29460.539 51067.032 3501 15
29462.121 51025.028 3501 15
29473.119 51081.786 3501 15
29457.733 51087.915 3501 15
29474.862 51083.117 3501 15
29454.51 51088.975 3501 15
29458.902 51084.598 3501 15
29469.594 51087.735 3501 15
29477.385 51074.517 3501 15
29483.242 51095.939 3501 15
29462.273 51096.613 3501 15
29483.315 51096.042 3501 15
29464.788 51087.627 3501 15
29495.613 51098.863 3501 15
29477.326 51078.31 3501 15
29474.363 51102.868 3501 15
29473.899 51082.155 3501 15
29484.96 51042.299 3501 15
29469.867 51085.452 3501 15
29463.505 51071.841 3501 15
29492.336 51084.636 3501 15
29472.701 51083.185 3501 15
29484.775 51105.383 3501 15
29463.282 51072.661 3501 15
29471.703 51081.345 3501 17
29403.347 51151.922 3501 17
29403.347 51151.933 3501 17
29500.857 51079.726 3501 17
29441.616 51091.611 3501 17
29496.096 51080.811 3501 17
29500.145 51092.438 3501 17
29471.474 51083.507 3501 17
29454.608 51061.828 3501 17
29500.779 51093.024 3501 17
29500.164 51092.426 3501 17
29467.755 51079.707 3501 17
29472.143 51078.328 3501 17
29443.732 51092.887 3501 17
29443.473 51092.364 3501 17
29442.748 51103.566 3501 17
29447.851 51059.495 3501 17
29403.239 51151.302 3501 17
29489.628 51085.948 3501 17
29489.583 51086 3501 17
29463.28 51073.786 3501 17
29475.643 51099.531 3501 17
29486.047 51040.23 3501 17
29476.069 51099.305 3501 17
29440.243 51087.826 3501 17
29463.775 51087.559 3501 17
29443.416 51092.609 3501 17
29460.156 51055.45 3501 17
29441.598 51095.169 3501 17
29455.818 51066.499 3501 17
29467.08 51079.074 3501 17
29459.074 51087.584 3501 17
29444.566 51018.57 3501 17
29443.438 51092.846 3501 17
29476.89 51081.911 3501 17
29440.663 51086.693 3501 17
29458.843 51094.254 3501 17
29460.687 51090.193 3501 17
29462.969 51103.806 3501 8
29467.122 51066.239 3501 8
29410.297 51144.675 3501 8
29485.859 51041.154 3501 8
29511.078 51077.551 3501 8
29491.864 51079.869 3501 8
29510.125 51076.213 3501 8
29441.745 51097.721 3501 8
29464.14 50564.845 3501 8
29477.468 51074.871 3501 8
29460.545 51091.55 3501 8
29491.617 51095.003 3501 8
29502.036 51079.686 3501 8
29469.471 51065.312 3501 8
29458.376 51091.014 3501 8
29399.55 51153.688 3501 8
29462.619 50566.244 3501 8
29494.857 51086.766 3501 8
29472.986 51086.748 3501 8
29465.476 51080.305 3501 8
29449.063 51061.222 3501 8
29425.508 50599.288 3501 8
29462.434 51104.015 3501 8
29464.64 51098.979 3501 8
29457.911 51055.651 3501 8
29460.584 51064.391 3501 8
29453.103 50574.181 3501 8
29501.058 51079.235 3501 8
29494.654 51098.823 3501 8
29444.598 51060.078 3501 122
29447.366 51090.214 3501 122
29464.391 51061.108 3501 122
29437.588 51050.003 3501 122
29443.346 51058.739 3501 122
29449.504 51058.821 3501 122
29449.498 51058.834 3501 122
29413.86 51138.249 3501 122
29421.84 51132.146 3501 122
29451.099 51095.197 3501 122
29489.144 51087.065 3501 122
29486.96 51092.255 3501 20
29497.886 51102.66 3501 20
29437.765 51087.316 3501 20
29439.582 51087.235 3501 20
29450.827 51095.516 3501 20
29449.353 51095.092 3501 20
29397.567 51159.186 3501 20
29446.011 51058.619 3501 20
29501.63 51091.076 3501 20
29501.585 51093.303 3501 20
29501.279 51092.711 3501 20
29498.712 51091.558 3501 20
29500.306 51090.847 3501 20
29500.919 51092.003 3501 20
29504.011 51087.051 3501 20
29501.105 51085.798 3501 20
29449.099 51093.009 3501 20
29450.866 51092.566 3501 20
29448.866 51091.847 3501 20
29447.639 51091.577 3501 20
29447.711 51091.459 3501 20
29447.628 51091.641 3501 20
29448.808 51095.995 3501 20
29449.315 51096.401 3501 20
29449.154 51097.266 3501 20
29445.721 51095.012 3501 20
29445.574 51094.871 3501 20
29449.876 51096.819 3501 20
29442.677 51102.116 3501 20
29443.344 51102.924 3501 20
29444.314 51103.046 3501 20
29443.236 51102.908 3501 20
29419.797 51132.546 3501 20
29421.124 51132.422 3501 20
29410.297 51144.675 3501 20
29449.353 51095.092 3501 20
29444.641 51090.525 3501 20
29442.762 51090.371 3501 20
29444.141 51095.159 3501 20
29444.206 51095.923 3501 20
29443.731 51093.004 3501 20
29437.577 51093.33 3501 20
29444.602 51093.346 3501 20
29444.184 51095.177 3501 20
29438.765 51093.282 3501 20
29443.72 51093.074 3501 20
29441.187 51100.508 3501 20
29442.696 51097.986 3501 20
29437.38 51096.821 3501 20
29437.424 51095.791 3501 20
29442.859 51098.5 3501 20
29440.653 51097.309 3501 20
29442.257 51097.651 3501 20
29435.34 51092.721 3501 20
29436.362 51093.296 3501 20
29432.263 51104.786 3501 20
29432.82 51105.483 3501 20
29433.856 51095.474 3501 20
29420.814 51132.649 3501 20
29501.63 51091.076 3501 20
29501.279 51092.711 3501 20
29498.606 51091.468 3501 20
29500.685 51091.351 3501 20
29505.022 51087.373 3501 20
29450.094 51092.301 3501 20
29449.515 51094.186 3501 20
29445.68 51094.401 3501 20
29448.657 51097.149 3501 20
29450.201 51096.538 3501 20
29450.87 51098.336 3501 20
29444.952 51090.997 3501 20
29444.426 51091.407 3501 20
29441.745 51097.721 3501 20
29441.275 51098.428 3501 20
29436.752 51093.308 3501 20
29423.822 51114.889 3501 20
29424.831 51114.035 3501 20
29430.098 51113.298 3501 20
29428.466 51109.917 3501 20
29439.264 51112.38 3501 20
29437.096 51112.736 3501 20
29438.447 51114.491 3501 20
29439.007 51111.878 3501 20
29436.868 51107.342 3501 20
29435.559 51113.776 3501 20
29437.526 51108.936 3501 20
29435.933 51110.053 3501 20
29438.899 51105.905 3501 20
29436.682 51108.652 3501 20
29437.539 51108.341 3501 20
29435.744 51108.181 3501 20
29431.854 51108.525 3501 20
29427.455 51109.34 3501 20
29437.312 51109.673 3501 20
29433.907 51112.775 3501 20
29429.964 51097.241 3501 20
29457.427 51084.573 3501 20
29458.657 51085.041 3501 20
29459.773 51084.836 3501 20
29460.217 51085.315 3501 20
29460.27 51085.829 3501 20
29463.132 51085.279 3501 20
29462.723 51086.259 3501 20
29457.459 51087.981 3501 20
29458.194 51087.878 3501 20
29459.906 51087.401 3501 20
29462.934 51086.758 3501 20
29463.821 51086.504 3501 20
29457.338 51088.065 3501 20
29459.06 51087.656 3501 20
29460.254 51087.03 3501 20
29460.498 51087.201 3501 20
29457.788 51087.772 3501 20
29462.067 51086.851 3501 20
29460.783 51087.817 3501 20
29464.638 51086.744 3501 20
29449.099 51093.009 3501 20
29435.371 51091.633 3501 20
29436.362 51093.296 3501 20
29498.699 51084.352 3501 20
29498.871 51085.695 3501 20
29502.18 51083.061 3501 20
29499.139 51083.328 3501 20
29503.498 51083.328 3501 20
29499.568 51083.356 3501 20
29498.952 51084.457 3501 20
29499.517 51082.882 3501 20
29503.675 51083.27 3501 20
29502.239 51080.079 3501 20
29499.238 51080.962 3501 20
29491.358 51080.734 3501 20
29491.028 51078.197 3501 20
29491.08 51078.053 3501 20
29492.084 51079.641 3501 20
29500.045 51080.835 3501 20
29421.703 51147.658 3501 20
29419.522 51143.976 3501 20
29420.482 51146.019 3501 20
29420 51149.739 3501 20
29459.72 51090.174 3501 20
29461.385 51088.546 3501 20
29460.894 51088.947 3501 20
29460.31 51089.323 3501 20
29459.476 51091.359 3501 20
29456.294 51089.414 3501 20
29462.604 51085.719 3501 20
29461.729 51087.63 3501 20
29461.927 51087.839 3501 20
29461.846 51091.409 3501 20
29461.708 51091.416 3501 20
29461.718 51091.577 3501 20
29460.845 51090.632 3501 20
29461.113 51087.854 3501 20
29459.054 51090.257 3501 20
29435.437 51093.827 3501 20
29433.991 51113.304 3501 20
29432.932 51109.986 3501 20
29504.396 51075.005 3501 20
29506.108 51075.863 3501 20
29513.053 51075.664 3501 20
29502.65 51077.109 3501 20
29510.134 51076.201 3501 20
29508.928 51074.032 3501 20
29509.017 51077.024 3501 20
29498.953 51084.706 3501 20
29501.019 51082.841 3501 20
29500.947 51081.895 3501 20
29497.742 51086.388 3501 20
29496.252 51083.999 3501 20
29497.145 51084.039 3501 20
29496.836 51085.67 3501 20
29495.934 51085.833 3501 20
29493.96 51084.783 3501 20
29495.063 51084.249 3501 20
29458.902 51084.598 3501 20
29451.58 51090.074 3501 20
29453.126 51089.013 3501 20
29451.555 51090.353 3501 20
29450.246 51088.376 3501 20
29449.768 51088.1 3501 20
29449.669 51090.061 3501 20
29449.677 51090.142 3501 20
29449.688 51090.041 3501 20
29453.302 51086.761 3501 20
29453.206 51086.626 3501 20
29447.175 51089.929 3501 20
29447.325 51089.791 3501 20
29449.538 51085.587 3501 20
29449.92 51085.968 3501 20
29449.121 51086.234 3501 20
29452.068 51085.337 3501 20
29458.495 51094.943 3501 20
29457.653 51094.171 3501 20
29457.9 51093.241 3501 20
29454.172 51096.478 3501 20
29457.316 51093.331 3501 20
29458.348 51094.394 3501 20
29427.556 51110.323 3501 20
29462.953 51091.673 3501 20
29432.263 51111.647 3501 20
29453.14 51086.088 3501 20
29459.713 51024.199 3501 20
29458.22 51024 3501 20
29436.463 51050.684 3501 20
29444.889 51026.621 3501 20
29436.54 51038.555 3501 20
29458.663 51016.202 3501 20
29429.856 50579.23 3501 20
29497.485 51083.542 3501 20
29495.098 51080.798 3501 20
29500.353 51074.372 3501 20
29500.689 51075.793 3501 20
29500.769 51074.374 3501 20
29495.738 51081.131 3501 20
29514.738 51061.502 3501 20
29510.332 51063.03 3501 20
29500.403 51078.799 3501 20
29498.708 51079.602 3501 20
29498.046 51078.521 3501 20
29499.462 51078.97 3501 20
29500.698 51077.171 3501 20
29500.14 51078.972 3501 20
29500.072 51077.385 3501 20
29499.091 51076.755 3501 20
29497.787 51077.123 3501 20
29497.512 51086.686 3501 20
29492.144 51080.894 3501 20
29492.888 51084.481 3501 20
29491.398 51083.931 3501 20
29492.844 51083.446 3501 20
29492.455 51083.724 3501 20
29492.215 51082.642 3501 20
29491.296 51080.791 3501 20
29490.463 51082.359 3501 20
29490.14 51083.029 3501 20
29489.771 51081.986 3501 20
29490.555 51084.35 3501 20
29490.309 51080.276 3501 20
29487.573 51082.022 3501 20
29492.516 51087.441 3501 20
29492.837 51088.007 3501 20
29490.182 51080.638 3501 20
29490.885 51080.606 3501 20
29488.631 51073.304 3501 20
29487.647 51073.821 3501 20
29488.688 51072.592 3501 20
29488.144 51072.834 3501 20
29460.687 51090.193 3501 20
29462.603 51089.556 3501 20
29456.393 51088.565 3501 20
29462.15 51089.592 3501 20
29459.865 51089.43 3501 20
29458.224 51093.137 3501 20
29462.045 51098.059 3501 20
29462.079 51097.488 3501 20
29463.467 51097.197 3501 20
29464.205 51095.271 3501 20
29466.221 51098.043 3501 20
29463.033 51103.7 3501 20
29463.122 51101.11 3501 20
29427.3 51132.882 3501 20
29421.025 51141.339 3501 20
29461.708 51091.416 3501 20
29473.499 51098.847 3501 20
29475.989 51096.527 3501 20
29475.989 51096.527 3501 20
29472.08 51088.262 3501 20
29470.718 51092.704 3501 20
29471.936 51088.463 3501 20
29475.138 51093.363 3501 20
29471.892 51086.944 3501 20
29475.731 51082.473 3501 20
29476.149 51081.468 3501 20
29471.556 51084.86 3501 20
29467.502 51089.402 3501 20
29469 51091.527 3501 20
29467.129 51090.756 3501 20
29470.758 51087.407 3501 20
29473.189 51086.786 3501 20
29441.912 51016.575 3501 20
29461.427 51049.587 3501 20
29508.719 51075.381 3501 20
29497.18 51086.927 3501 20
29491.256 51089.575 3501 20
29491.472 51088.818 3501 20
29491.887 51086.568 3501 20
29489.851 51088.396 3501 20
29489.909 51088.424 3501 20
29488.715 51087.417 3501 20
29484.443 51084.12 3501 20
29485.448 51089.784 3501 20
29498.36 51080.218 3501 20
29475.75 51080.226 3501 20
29477.265 51073.463 3501 20
29474.954 51080.323 3501 20
29473.782 51081.845 3501 20
29472.08 51082.556 3501 20
29471.213 51083.025 3501 20
29472.346 51079.466 3501 20
29472.953 51078.957 3501 20
29473.485 51078.508 3501 20
29471.174 51081.738 3501 20
29472.807 51078.954 3501 20
29473.253 51077.487 3501 20
29473.489 51079.571 3501 20
29470.049 51080.575 3501 20
29487.024 51090.408 3501 20
29489.55 51094.081 3501 20
29491.054 51092.237 3501 20
29491.048 51092.235 3501 20
29477.699 51078.032 3501 20
29478.555 51076.088 3501 20
29477.259 51079.237 3501 20
29477.193 51079.196 3501 20
29480.174 51075.065 3501 20
29478.396 51080.767 3501 20
29479.051 51080.626 3501 20
29479.004 51080.57 3501 20
29478.772 51078.731 3501 20
29453.126 51089.013 3501 20
29462.741 51096.307 3501 20
29461.939 51097.348 3501 20
29466.221 51098.043 3501 20
29476.733 51097.337 3501 20
29450.568 51094.372 3501 20
29471.448 51088.032 3501 20
29474.106 51082.721 3501 20
29467.129 51090.756 3501 20
29441.772 51079.758 3501 20
29450.365 51034.881 3501 20
29458.701 51030.515 3501 20
29463.247 51082.479 3501 20
29462.687 51081.335 3501 20
29466.644 51078.14 3501 20
29464.992 51079.827 3501 20
29469.05 51065.629 3501 20
29384.077 51154.259 3501 20
29393.499 51153.048 3501 20
29387.064 51167.724 3501 20
29390.269 51151.901 3501 20
29497.18 51086.927 3501 20
29501.165 51075.111 3501 20
29492.455 51083.724 3501 20
29490.309 51080.276 3501 20
29491.221 51089.001 3501 20
29489.851 51088.396 3501 20
29488.715 51087.417 3501 20
29484.443 51084.12 3501 20
29486.96 51092.255 3501 20
29485.448 51089.784 3501 20
29485.187 51100.043 3501 20
29487.193 51098.21 3501 20
29488.163 51097.113 3501 20
29487.45 51097.19 3501 20
29487.488 51097.82 3501 20
29497.593 51076.775 3501 20
29498.573 51077.187 3501 20
29499.872 51077.019 3501 20
29478.654 51078.806 3501 20
29461.709 51077.91 3501 20
29461.545 51076.041 3501 20
29461.552 51075.927 3501 20
29462.469 51075.462 3501 20
29462.221 51075.779 3501 20
29461.899 51078.614 3501 20
29485.712 51043.95 3501 20
29485.706 51044.674 3501 20
29485.697 51043.489 3501 20
29473.931 51069.639 3501 20
29471.969 51063.829 3501 20
29491.256 51089.575 3501 20
29487.079 51090.471 3501 20
29489.437 51095.015 3501 20
29492.072 51092.147 3501 20
29493.544 51089.468 3501 20
29493.315 51089.656 3501 20
29492.751 51093.089 3501 20
29493.147 51089.481 3501 20
29495.401 51092.84 3501 20
29495.525 51094.121 3501 20
29493.382 51090.161 3501 20
29494.477 51092.37 3501 20
29478.555 51076.088 3501 20
29478.564 51074.422 3501 20
29479.767 51075.33 3501 20
29387.064 51167.724 3501 20
29489.851 51088.396 3501 20
29485.187 51100.043 3501 20
29487.193 51098.21 3501 20
29487.45 51097.19 3501 20
29487.488 51097.82 3501 20
29498.573 51077.187 3501 20
29476.733 51097.337 3501 20
29450.568 51094.372 3501 20
29441.772 51079.758 3501 20
29458.701 51030.515 3501 20
29462.131 51083.339 3501 20
29462.117 51083.175 3501 20
29462.137 51085.372 3501 20
29464.375 51081.015 3501 20
29465.195 51081.229 3501 20
29466.644 51078.14 3501 20
29470.089 51077.624 3501 20
29470.059 51077.104 3501 20
29462.111 51077.769 3501 20
29487.647 51073.821 3501 20
29489.437 51095.015 3501 20
29492.072 51092.147 3501 20
29493.544 51089.468 3501 20
29493.315 51089.656 3501 20
29492.746 51089.578 3501 20
29493.147 51089.481 3501 20
29496.068 51093.116 3501 20
29493.382 51090.161 3501 20
29493.694 51097.098 3501 20
29478.654 51078.806 3501 20
29461.899 51078.614 3501 20
29473.171 51065.062 3501 20
29486.464 51041.722 3501 20
29485.685 51044.114 3501 20
29478.589 51065.824 3501 20
29478.751 51057.322 3501 20
29464.498 51074.418 3501 20
29462.244 51074.19 3501 20
29464.604 51075.314 3501 20
29463.642 51073.93 3501 20
29465.514 51071.736 3501 20
29463.671 51073.431 3501 20
29464.31 51074.961 3501 20
29463.789 51073.214 3501 20
29462.316 51070.344 3501 20
29462.205 51073.619 3501 20
29460.584 51064.391 3501 20
29463.609 51069.868 3501 20
29458.982 51061.89 3501 20
29458.793 51067.578 3501 20
29462.395 51062.828 3501 20
29466.752 51056.692 3501 20
29464.583 51056.731 3501 20
29461.066 51052.856 3501 20
29469.014 51051.246 3501 20
29457.869 51067.869 3501 20
29454.964 51062.373 3501 20
29451.905 51067.09 3501 20
29451.73 51067.064 3501 20
29444.44 51058.934 3501 20
29456.946 51059.72 3501 20
29451.086 51060.829 3501 20
29442.25 51058.548 3501 20
29446.693 51059.904 3501 20
29449.063 51061.222 3501 20
29446.459 51058.028 3501 20
29444.531 51056.831 3501 20
29445.698 51058.05 3501 20
29444.506 51058.066 3501 20
29444.623 51056.641 3501 20
29452.214 51059.117 3501 20
29449.512 51058.839 3501 20
29450.755 51058.935 3501 20
29446.5 51059.408 3501 20
29452.366 51059.957 3501 20
29399.916 51159.131 3501 20
29497.83 51096.754 3501 20
29496.258 51099.681 3501 20
29495.47 51100.497 3501 20
29498.628 51097.561 3501 20
29492.811 51100.174 3501 20
29495.536 51105.625 3501 20
29498.742 51102.104 3501 20
29497.886 51102.66 3501 20
29497.937 51102.122 3501 20
29496.01 51101.003 3501 20
29469.471 51065.312 3501 20
29469.05 51065.629 3501 20
29460.418 51069.352 3501 20
29460.165 51065.44 3501 20
29452.63 51054.945 3501 20
29459.83 51054.39 3501 20
29453.07 51054.509 3501 20
29454.324 51053.681 3501 20
29455.137 51053.64 3501 20
29455.097 51053.932 3501 20
29454.102 51053.713 3501 20
29454.046 51053.371 3501 20
29452.539 51053.621 3501 20
29492.039 51104.512 3501 20
29491.477 51103.986 3501 20
29486.452 51108.86 3501 20
29487.415 51108.91 3501 20
29485.934 51106.084 3501 20
29486.734 51109.771 3501 20
29477.85 51109.611 3501 20
29481.159 51107.532 3501 20
29395.508 51161.153 3501 20
29398.442 51155.613 3501 20
29494.539 51097.331 3501 20
29492.746 51089.578 3501 20
29493.147 51089.481 3501 20
29494.964 51097.422 3501 20
29495.859 51098.63 3501 20
29464.498 51074.418 3501 20
29465.514 51071.736 3501 20
29463.19 51072.607 3501 20
29466.605 51067.19 3501 20
29463.795 51072.752 3501 20
29461.627 51069.63 3501 20
29462.647 51073.014 3501 20
29460.876 51064.768 3501 20
29460.324 51065.264 3501 20
29459.544 51066.399 3501 20
29465.278 51066.081 3501 20
29458.982 51061.89 3501 20
29466.752 51056.692 3501 20
29461.066 51052.856 3501 20
29446.292 51056.66 3501 20
29451.558 51053.012 3501 20
29458.224 51093.137 3501 15
29446.011 51058.619 3501 15
29443.659 51058.681 3501 15
29459.684 51067.26 3501 15
29452.11 51061.328 3501 15
29499.885 51079.001 3501 15
29397.567 51159.186 3501 15
29446.145 51099.419 3501 15
29445.313 51099.447 3501 15
29500.685 51091.351 3501 15
29505.022 51087.373 3501 15
29436.752 51093.308 3501 15
29437.571 51105.33 3501 15
29433.753 51112.997 3501 15
29436.127 51111.516 3501 15
29437.176 51105.343 3501 15
29437.123 51104.938 3501 15
29435.896 51113.223 3501 15
29493.597 51078.719 3501 15
29468.942 51087.163 3501 15
29497.987 51101.992 3501 15
29493.675 51078.891 3501 15
29514.998 51063.91 3501 15
29468.842 51087.772 3501 15
29473.216 51084.483 3501 15
29490.652 51079.792 3501 15
29491.392 51082.595 3501 15
29491.399 51083.35 3501 15
29492.599 51084.362 3501 15
29494.563 51083.649 3501 15
29493.829 51084.31 3501 15
29492.427 51083.116 3501 15
29491.045 51079.325 3501 15
29491.935 51087.873 3501 15
29491.221 51089.001 3501 15
29490.591 51088.598 3501 15
29489.652 51086.3 3501 15
29485.293 51080.771 3501 15
29471.778 51084.386 3501 15
29468.919 51085.432 3501 15
29468.407 51086.462 3501 15
29472.121 51078.31 3501 15
29476.564 51082.961 3501 15
29485.835 51088.749 3501 15
29485.328 51088.585 3501 15
29426.814 51137.085 3501 15
29490.972 51087.046 3501 15
29462.969 51103.806 3501 15
29465.974 51093.842 3501 15
29468.149 51089.66 3501 15
29463.973 51093.514 3501 15
29464.087 51092.918 3501 15
29498.573 51077.187 3501 15
29498.593 51077.248 3501 15
29499.872 51077.019 3501 15
29500.196 51075.392 3501 15
29500.692 51077.18 3501 15
29463.582 51103.792 3501 15
29462.741 51096.307 3501 15
29461.939 51097.348 3501 15
29463.7 51096.074 3501 15
29463.187 51101.762 3501 15
29464.087 51092.918 3501 15
29476.75 51098.237 3501 15
29476.258 51098.104 3501 15
29476.733 51097.337 3501 15
29477.13 51097.243 3501 15
29471.448 51088.032 3501 15
29469.41 51089.624 3501 15
29462.092 51095.386 3501 15
29498.327 51078.953 3501 15
29497.593 51076.775 3501 15
29495.575 51075.929 3501 15
29496.122 51080.401 3501 15
29464.084 51092.931 3501 15
29426.712 51134.778 3501 15
29489.458 51089.781 3501 15
29490.609 51094.53 3501 15
29487.079 51090.471 3501 15
29488.557 51091.325 3501 15
29472.525 51081.035 3501 15
29478.564 51074.422 3501 15
29471.3 51080.253 3501 15
29478.8 51080.579 3501 15
29477.519 51079.095 3501 15
29477.825 51078.368 3501 15
29477.495 51077.918 3501 15
29476.169 51080.734 3501 15
29474.679 51079.937 3501 15
29478.58 51079.221 3501 15
29479.095 51074.024 3501 15
29484.775 51105.383 3501 15
29492.455 51083.724 3501 15
29450.568 51094.372 3501 15
29500.286 51075.004 3501 15
29498.407 51083.249 3501 15
29470.089 51077.624 3501 15
29454.2 51060.26 3501 15
29465.501 51072.863 3501 15
29460.701 51071.515 3501 15
29493.147 51089.481 3501 15
29495.859 51098.63 3501 15
29459.344 51054.298 3501 10
29445.19 51057.062 3501 20
29424.259 51113.669 3501 20
29458.376 51091.014 3501 20
29460.788 51089.487 3501 20
29454.747 51094.852 3501 20
29499.289 51075.885 3501 20
29487.976 51073.622 3501 20
29450.926 51087.52 3501 20
29489.97 51093.378 3501 20
29458.376 51091.014 3501 20
29473.931 51069.639 3501 20
29419.39 51132.317 3501 37
29466.323 51078.119 3501 37
29466.205 51077.926 3501 37
29466.205 51077.926 3501 37
29466.193 51077.893 3501 37
29466.208 51077.906 3501 37
29466.143 51077.765 3501 37
29466.083 51077.691 3501 37
29466.179 51077.836 3501 37
29466.323 51078.119 3501 37
29466.206 51077.93 3501 37
29466.319 51078.01 3501 37
29466.272 51077.987 3501 37
29466.143 51077.765 3501 37
29485.485 51106.333 3501 37
29497.552 51099.296 3501 37
29509.596 51075.516 3501 37
29466.147 51091.744 3501 37
29497.514 51090.572 3501 37
29473.66 51081.309 3501 37
29473.655 51081.302 3501 37
29498.722 51086.207 3501 37
29474.862 51083.117 3501 37
29455.255 51052.415 3501 37
29449.775 51087.476 3501 37
29467.966 51064.213 3501 37
29432.847 51112.817 3501 37
29456.851 51073.654 3501 37
29456.868 51073.674 3501 37
29456.871 51073.659 3501 37
29463.448 51083.213 3501 37
29470.804 51083.569 3501 37
29454.51 51088.975 3501 37
29467.585 51095.209 3501 37
29467.541 51095.226 3501 37
29467.561 51095.245 3501 37
29467.573 51095.236 3501 37
29467.585 51095.209 3501 37
29492.523 51090.978 3501 37
29459.933 51092.311 3501 37
29475.177 51082.754 3501 37
29499.151 51079.496 3501 37
29499.793 51085.176 3501 37
29473.119 51081.786 3501 37
29463.813 51097.522 3501 37
29500.998 51076.637 3501 37
29461.674 51087.532 3501 37
29470.298 51086.311 3501 37
29497.469 51102.873 3501 22
29496.258 51099.681 3501 22
29499.902 51095.93 3501 22
29449.42 51094.541 3501 22
29391.888 51164.914 3501 22
29466.504 51066.385 3501 22
29448.927 51088.951 3501 22
29500.306 51077.311 3501 22
29463.66 51095.252 3501 22
29458.158 51085.004 3501 22
29443.513 51096.876 3501 22
29460.394 51067.043 3501 22
29467.122 51066.239 3501 22
29477.265 51073.463 3501 22
29463.253 51069.44 3501 22
29461.674 51087.532 3501 22
29461.706 51084.455 3501 22
29437.526 51108.936 3501 22
29441.02 51091.532 3501 22
29490.463 51077.706 3501 22
29492.59 51079.395 3501 22
29492.136 51078.778 3501 22
29492.29 51079.031 3501 22
29492.188 51079.977 3501 22
29491.471 51078.225 3501 22
29492.061 51080.161 3501 22
29492.059 51080.111 3501 22
29491.616 51079.002 3501 22
29490.939 51078.193 3501 22
29434.174 51097.345 3501 22
29362.055 51167.513 3501 22
29460.007 51069.083 3501 22
29461.699 51098.06 3501 22
29500.307 51081.523 3501 22
29446.98 51017.23 3501 22
29476.595 51082.468 3501 22
29449.603 51037.008 3501 22
29460.545 51091.55 3501 22
29463.281 51093.495 3501 22
29466.221 51098.043 3501 22
29437.635 51115.744 3501 22
29498.606 51091.468 3501 22
29488.715 51087.417 3501 22
29460.27 51085.829 3501 22
29487.607 51098.088 3501 22
29462.519 51072.542 3501 22
29427.112 51111.227 3501 22
29427.108 51111.221 3501 22
29468.653 51086.099 3501 22
29458.114 51089.441 3501 22
29501.63 51091.076 3501 22
29449.515 51094.186 3501 22
29413.884 51132.973 3501 22
29475.295 51098.636 3501 22
29511.078 51077.551 3501 22
29510.125 51076.213 3501 22
29498.127 51081.45 3501 22
29502.696 51079.751 3501 22
29491.864 51079.869 3501 22
29461.473 51070.4 3501 22
29454.964 51062.373 3501 22
29489.41 51092.72 3501 22
29461.734 51071.016 3501 22
29470.807 51085.975 3501 22
29487.143 51107.709 3501 22
29441.745 51097.721 3501 22
29448.866 51091.847 3501 22
29458.441 51054.375 3501 22
29435.888 51113.962 3501 22
29436.051 51113.947 3501 22
29457.046 51086.642 3501 22
29420.814 51132.649 3501 22
29458.977 51053.382 3501 22
29486.077 51042.628 3501 22
29459.947 51022.772 3501 22
29462.969 51103.806 3501 22
29438.442 51112.257 3501 22
29459.037 51062.832 3501 22
29494.857 51086.766 3501 22
29491.617 51095.003 3501 22
29478.751 51057.322 3501 22
29435.154 51111.349 3501 22
29489.628 51085.948 3501 22
29449.063 51061.222 3501 22
29462.872 51073.339 3501 22
29467.401 51080.074 3501 22
29438.082 51108.259 3501 22
29461.268 51088.341 3501 22
29450.522 51063.978 3501 22
29462.935 51095.707 3501 22
29469.471 51065.312 3501 22
29458.483 51069.613 3501 22
29492.219 51093.999 3501 22
29495.176 51085.749 3501 22
29495.193 51085.831 3501 22
29488.688 51072.592 3501 22
29500.934 51093.825 3501 22
29496.224 51079.723 3501 22
29494.964 51097.422 3501 22
29421.845 51148.641 3501 22
29459.344 51054.298 3501 22
29463.807 51096.562 3501 22
29502.036 51079.686 3501 22
29443.605 51095.098 3501 22
29458.376 51091.014 3501 22
29440.353 51085.696 3501 12
29494.857 51086.766 3501 12
29457.921 51084.984 3501 12
29457.046 51086.642 3501 12
29491.974 51103.801 3501 12
29490.911 51080.307 3501 12
29459.019 51088.103 3501 12
29465.75 51094.066 3501 12
29462.321 51073.106 3501 12
29463.132 51085.279 3501 12
29461.527 51090.918 3501 7
29496.774 51084.275 3501 7
29460.991 51091.63 3501 7
29442.481 51059.452 3501 25
29463.242 51074.996 3501 25
29509.655 51075.316 3501 25
29501.187 51081.642 3501 25
29491.695 51081.903 3501 25
29444.407 51058.53 3501 25
29465.338 51069.77 3501 25
29500.307 51081.523 3501 25
29447.308 51085.668 3501 25
29449.246 51096.367 3501 25
29437.526 51108.936 3501 25
29492.16 51082.107 3501 25
29495.188 51084.138 3501 25
29491.615 51080.099 3501 25
29479.879 51075.427 3501 25
29501.107 51076.546 3501 25
29486.086 51092.022 3501 25
29449.603 51037.008 3501 25
29449.598 51037.036 3501 25
29457.596 51083.605 3501 25
29446.178 51058.113 3501 25
29493.181 51079.479 3501 25
29476.595 51082.468 3501 25
29461.797 51098.066 3501 25
29503.013 51083.625 3501 25
29463.331 51075.144 3501 25
29498.127 51081.45 3501 25
29456.37 51061.209 3501 25
29413.884 51132.973 3501 25
29451.507 51053.009 3501 25
29502.696 51079.751 3501 25
29433 51097.286 3501 25
29489.41 51092.72 3501 25
29432.756 51097.223 3501 25
29439.102 51086.956 3501 25
29473.468 51084.237 3501 25
29485.697 51043.489 3501 25
29485.692 51043.488 3501 25
29460.193 51065.536 3501 25
29419.777 51143.067 3501 25
29421.845 51148.641 3501 25
29433.068 51109.082 3501 25
29433.075 51109.086 3501 25
29472.989 51081.807 3501 25
29462.273 51096.613 3501 25
29434.405 51092.679 3501 25
29490.88 51079.108 3501 25
29445.075 51099.749 3501 25
29495.646 51080.193 3501 25
29443.605 51095.098 3501 25
29496.013 51081.76 3501 25
29489.628 51085.948 3501 25
29454.311 51054.837 3501 25
29490.166 51087.146 3501 25
29506.607 51075.823 3501 25
29477.132 51077.813 3501 25
29449.64 51085.989 3501 25
29503.159 51079.72 3501 25
29503.118 51079.72 3501 25
29507.391 51082.069 3501 25
29478.675 51073.708 3501 25
29473.135 51082.224 3501 25
29492.56 51082.96 3501 25
29497.261 51078.936 3501 25
29497.267 51078.935 3501 25
29436.886 51049.328 3501 25
29457.911 51055.651 3501 25
29493.343 51086.591 3501 25
29494.585 51083.484 3501 25
29452.484 51066.104 3501 25
29493.827 51081.038 3501 25
29498.436 51080.175 3501 25
29451.788 51003.808 3501 25
29440.671 51117.634 3501 25
29498.301 51081.14 3501 25
29477.377 51078.382 3501 25
29506.466 51076.873 3501 25
29501.117 51080.006 3501 25
29454.336 51029.416 3501 25
29458.778 51053.429 3501 25
29466.323 51078.119 3501 24
29466.206 51077.93 3501 24
29466.319 51078.01 3501 24
29466.272 51077.987 3501 24
29466.143 51077.765 3501 24
29466.323 51078.119 3501 24
29466.205 51077.926 3501 24
29466.205 51077.926 3501 24
29466.193 51077.893 3501 24
29466.208 51077.906 3501 24
29466.143 51077.765 3501 24
29466.083 51077.691 3501 24
29466.179 51077.836 3501 24
29503.013 51083.625 3501 24
29497.552 51099.296 3501 24
29485.485 51106.333 3501 24
29509.596 51075.516 3501 24
29448.927 51088.951 3501 24
29486.392 51077.289 3501 24
29466.147 51091.744 3501 24
29498.722 51086.207 3501 24
29491.615 51080.099 3501 24
29497.514 51090.572 3501 24
29474.862 51083.117 3501 24
29473.66 51081.309 3501 24
29473.655 51081.302 3501 24
29485.692 51043.488 3501 24
29455.255 51052.415 3501 24
29449.775 51087.476 3501 24
29467.966 51064.213 3501 24
29456.868 51073.674 3501 24
29456.871 51073.659 3501 24
29456.851 51073.654 3501 24
29432.847 51112.817 3501 24
29463.448 51083.213 3501 24
29454.51 51088.975 3501 24
29470.804 51083.569 3501 24
29467.585 51095.209 3501 24
29467.541 51095.226 3501 24
29467.561 51095.245 3501 24
29467.573 51095.236 3501 24
29467.585 51095.209 3501 24
29477.336 51074 3501 24
29477.349 51073.993 3501 24
29477.378 51074.055 3501 24
29477.34 51073.987 3501 24
29475.177 51082.754 3501 24
29459.933 51092.311 3501 24
29499.151 51079.496 3501 24
29473.119 51081.786 3501 24
29499.793 51085.176 3501 24
29461.674 51087.532 3501 24
29463.813 51097.522 3501 24
29500.998 51076.637 3501 24
29470.298 51086.311 3501 24
29470.298 51086.311 3501 24
29437.926 51096.987 3501 24
29392.557 51152.452 3501 32
29499.572 51086.434 3501 32
29476.121 51097.575 3501 32
29443.473 51092.364 3501 32
29443.438 51092.846 3501 32
29443.72 51093.074 3501 32
29492.53 51091.083 3501 32
29420.259 51132.793 3501 32
29487.132 51089.766 3501 32
29485.339 51100.347 3501 32
29488.996 51089.338 3501 32
29506.715 51077.567 3501 32
29476.001 51081.528 3501 32
29438.553 51093.262 3501 32
29453.197 51032.314 3501 32
29500.857 51079.726 3501 32
29497.002 51089.978 3501 32
29457.421 51065.713 3501 32
29424.419 51113.914 3501 32
29500.443 51076.339 3501 32
29460.291 51090.647 3501 32
29438.405 51105.497 3501 32
29431.843 51114.813 3501 32
29432.708 51111.031 3501 32
29443.486 51092.693 3501 32
29466.067 51076.037 3501 32
29498.606 51091.468 3501 32
29421.139 51131.621 3501 32
29474.254 51078.163 3501 32
29470.07 51082.612 3501 32
29405.593 51150.092 3501 32
29443.732 51092.887 3501 32
29460.63 51077.236 3501 32
29443.72 51093.074 3501 32
29443.438 51092.846 3501 32
29459.018 51085.152 3501 32
29432.864 51113.937 3501 32
29463.289 51103.485 3501 32
29460.115 51036.443 3501 32
29476.121 51097.575 3501 32
29443.692 51092.389 3501 32
29485.692 51043.488 3501 32
29461.276 51085.479 3501 32
29441.108 51092.974 3501 32
29454.064 51088.245 3501 32
29489.322 51084.914 3501 32
29488.899 51080.994 3501 32
29396.848 51159.555 3501 32
29462.175 51067.213 3501 32
29461.656 51091.838 3501 32
29443.36 51093.059 3501 32
29456.66 51030.994 3501 32
29462.724 51098.057 3501 32
29462.554 51097.926 3501 32
29466.552 51057.639 3501 32
29424.533 51147.541 3501 20
29476.342 51064.276 3501 20
29474.6 51079.635 3501 20
29438.871 51093.426 3501 20
29465.945 51100.49 3501 3
29444.832 51059.482 3501 3
29504.918 51074.213 3501 3
29504.911 51074.231 3501 3
29470.804 51083.569 3501 3
29496.819 51077.071 3501 3
29487.573 51082.022 3501 10
29503.762 51086.126 3501 10
29399.858 51154.467 3501 10
29460.402 51087.311 3501 10
29461.737 51075.172 3501 10
29461.951 51075.07 3501 10
29441.02 51091.532 3501 10
29492.309 51081.496 3501 44
29496.402 51098.182 3501 44
29434.782 51112.443 3501 44
29460.34 51088.016 3501 44
29460.346 51089.681 3501 44
29459.99 51089.025 3501 44
29458.941 51089.135 3501 44
29494.517 51096.224 3501 44
29492.829 51087.988 3501 44
29464.185 51095.203 3501 44
29463.705 51099.921 3501 44
29470.254 51081.862 3501 44
29458.771 51090.866 3501 44
29462.763 51071.691 3501 44
29451.983 51067.035 3501 44
29456.716 51088.028 3501 44
29475.166 51080.693 3501 44
29420.618 51142.849 3501 44
29443.901 51102.317 3501 44
29457.975 51090.65 3501 44
29463.097 51101.263 3501 44
29491.688 51105.232 3501 44
29497.266 51085.393 3501 44
29493.866 51087.586 3501 44
29491.077 51095.209 3501 44
29490.602 51090.198 3501 44
29441.951 51101.58 3501 44
29444.847 51092.48 3501 44
29500.748 51095.366 3501 44
29437.55 51105.333 3501 44
29444.906 51093.07 3501 44
29457.921 51084.984 3501 44
29489.777 51088.879 3501 44
29462.855 51085.041 3501 44
29496.423 51098.164 3501 44
29448.222 51091.084 3501 44
29496.082 51085.306 3501 44
29464.291 51102.568 3501 44
29467.807 51091.776 3501 44
29467.885 51091.467 3501 44
29477.003 51081.193 3501 44
29458.34 51091.047 3501 44
29460.332 51089.408 3501 44
29485.755 51100.088 3501 44
29495.55 51098.807 3501 44
29463.776 51069.347 3501 44
29445.407 51085.622 3501 44
29475.241 51097.348 3501 44
29416.828 51139.451 3501 44
29495.832 51089.258 3501 44
29494.672 51084.124 3501 44
29492.922 51090.091 3501 44
29460.811 51087.766 3501 44
29457.656 51088.446 3501 44
29514.005 51077.035 3501 44
29509.82 51076.797 3501 44
29499.785 51085.796 3501 44
29447.498 51095.195 3501 44
29419.069 51140.633 3501 44
29473.097 51087.032 3501 44
29498.431 51078.832 3501 44
29497.361 51098.669 3501 44
29492.968 51090.102 3501 44
29488.318 51096.37 3501 44
29496.282 51079.904 3501 44
29453.603 51061.236 3501 44
29446.454 51060.268 3501 44
29478.121 51088.685 3501 44
29498.107 51079.622 3501 44
29464.235 51068.717 3501 44
29449.185 51091.221 3501 44
29445.227 51094.17 3501 44
29464.919 51099.945 3501 44
29460.317 51087.648 3501 44
29460.883 51076.285 3501 44
29496.324 51100.795 3501 44
29486.817 51096.822 3501 44
29491.974 51103.801 3501 44
29502.641 51079.692 3501 44
29436.545 51111.523 3501 44
29465.39 51101.292 3501 44
29434.311 51095.55 3501 44
29420.122 51139.545 3501 44
29487.726 51085.409 3501 44
29507.464 51075.489 3501 44
29497.606 51086.357 3501 44
29463.388 51098.202 3501 44
29490.911 51080.307 3501 44
29419.889 51142.56 3501 44
29463.633 51097.05 3501 44
29496.573 51085.705 3501 44
29491.798 51080.374 3501 44
29490.674 51085.041 3501 44
29492.128 51093.584 3501 44
29463.389 51071.699 3501 44
29457.508 51090.005 3501 44
29443.477 51099.986 3501 44
29494.208 51086.615 3501 44
29485.598 51090.854 3501 44
29493.926 51096.448 3501 44
29507.978 51077.229 3501 44
29458.526 51084.732 3501 44
29492.385 51088.698 3501 44
29459.045 51087.456 3501 44
29461.472 51088.806 3501 44
29462.321 51073.106 3501 44
29463.132 51085.279 3501 44
29495.148 51102.544 3501 44
29488.73 51090.171 3501 44
29447.664 51094.047 3501 44
29450.791 51093.806 3501 44
29465.75 51094.066 3501 44
29489.088 51090.268 3501 44
29490.083 51087.186 3501 44
29507.513 51075.726 3501 44
29454.372 51061.36 3501 44
29441.103 51086.741 3501 44
29462.168 51088.037 3501 44
29497.583 51090.62 3501 44
29454.537 51061.404 3501 44
29487.447 51090.521 3501 44
29491.82 51083.037 3501 44
29446.436 51039.349 3501 44
29456.376 51061.309 3501 44
29462.729 51084.327 3501 44
29454.421 51060.868 3501 44
29453.362 51061.206 3501 44
29489.766 51082.934 3501 44
29485.738 51099.091 3501 44
29459.019 51088.103 3501 44
29444.131 51060.089 3501 44
29442.998 51092.237 3501 44
29500.746 51078.845 3501 44
29485.541 51099.544 3501 44
29485.231 51100.057 3501 44
29447.985 51058.435 3501 44
29449.373 51094.61 3501 44
29445.098 51090.593 3501 44
29463.054 51097.522 3501 44
29443.765 51099.605 3501 44
29452.535 51061.392 3501 44
29477.036 51080.045 3501 44
29457.248 51090.445 3501 44
29462.63 51086.568 3501 44
29502.64 51088.193 3501 44
29432.31 51111.664 3501 44
29442.33 51103.064 3501 44
29453.423 51065.064 3501 44
29398.948 51154.464 3501 44
29462.281 51023.346 3501 44
29461.211 51087.218 3501 44
29495.315 51077.243 3501 44
29457.187 51090.376 3501 44
29464.366 51079.198 3501 44
29462.068 51088.686 3501 44
29442.963 51059.878 3501 44
29462.487 51057.816 3501 44
29458.257 51088.639 3501 44
29491.354 51105.624 3501 15
29505.43 51075.678 3501 15
29469.05 51065.629 3501 15
29462.343 51084.174 3501 15
29467.013 51065.636 3501 15
29501.63 51091.076 3501 15
29420.814 51132.649 3501 15
29432.495 51104.891 3501 15
29449.515 51094.186 3501 15
29463.997 51068.439 3501 15
29437.539 51108.341 3501 15
29495.93 51098.635 3501 15
29484.662 51078.345 3501 15
29484.574 51078.232 3501 15
29420 51149.739 3501 15
29462.687 51092.458 3501 15
29490.664 51089.875 3501 15
29459.771 51089.06 3501 15
29500.947 51081.895 3501 15
29497.886 51102.66 3501 15
29443.236 51102.908 3501 15
29432.263 51111.647 3501 15
29501.018 51079.701 3501 15
29467.013 51065.636 3501 15
29467.129 51090.756 3501 15
29471.083 51084.958 3501 15
29491.553 51083.425 3501 15
29482.599 51048.858 3501 15
29437.539 51108.341 3501 15
29494.383 51096.192 3501 15
29466.644 51078.14 3501 15
29441.456 51098.507 3501 15
29496.827 51097.883 3501 15
29401.064 51157.476 3501 15
29462.647 51073.014 3501 15
29455.742 51063.851 3501 15
29451.984 51053.175 3501 34
29464.212 51103.728 3501 34
29426.831 51132.71 3501 34
29474.02 51070.412 3501 34
29444.92 51059.488 3501 34
29448.999 51093.091 3501 34
29395.199 51163.431 3501 34
29438.755 51107.216 3501 34
29427.395 51131.005 3501 34
29491.514 51084.786 3501 34
29487.048 51092.321 3501 34
29462.121 51078.154 3501 34
29457.421 51065.713 3501 32
29424.419 51113.914 3501 32
29460.291 51090.647 3501 32
29438.405 51105.497 3501 32
29498.606 51091.468 3501 32
29474.254 51078.163 3501 32
29443.486 51092.693 3501 32
29421.139 51131.621 3501 32
29466.067 51076.037 3501 32
29470.07 51082.612 3501 32
29405.593 51150.092 3501 32
29443.732 51092.887 3501 32
29460.63 51077.236 3501 32
29462.367 51097.719 3501 32
29443.692 51092.389 3501 32
29461.276 51085.479 3501 32
29441.108 51092.974 3501 32
29454.064 51088.245 3501 32
29489.322 51084.914 3501 32
29488.899 51080.994 3501 32
29462.175 51067.213 3501 32
29462.554 51097.926 3501 32
29462.724 51098.057 3501 32
29396.848 51159.555 3501 32
29456.66 51030.994 3501 32
29443.36 51093.059 3501 32
29466.552 51057.639 3501 32
29471.237 51079.311 3501 32
29432.119 51107.989 3501 32
29470.434 51083.634 3501 32
29451.479 51094.795 3501 32
29443.467 51093.05 3501 32
29467.105 51083.574 3501 32
29462.858 51100.519 3501 32
29497.321 51085.21 3501 32
29444.761 51103.741 3501 17
29443.624 51092.291 3501 17
29443.354 51092.849 3501 17
29451.331 51089.233 3501 17
29405.441 51109.143 3501 17
29461.967 51073.814 3501 17
29467.019 51062.505 3501 17
29466.24 51097.387 3501 17
29437.162 51090.547 3501 17
29395.686 51160.122 3501 17
29443.438 51092.846 3501 17
29443.467 51093.05 3501 17
29437.729 51087.364 3501 17
29450.202 51064.458 3501 17
29434.806 51093.193 3501 17
29476.823 51082.829 3501 17
29449.288 51085.643 3501 17
29432.354 51108.107 3501 17
29483.315 51096.042 3501 17
29477.859 51082.621 3501 17
29426.834 51113.39 3501 17
29448.139 51093.832 3501 17
29444.761 51093.321 3501 17
29447.479 51040.309 3501 17
29460.63 51077.236 3501 17
29436.034 51092.572 3501 17
29442.815 51059.74 3501 17
29495.348 51085.594 3501 17
29477.61 51077.08 3501 17
29448.824 51093.069 3501 17
29414.352 51142.122 3501 17
29443.515 51091.869 3501 17
29491.398 51083.931 3501 17
29441.616 51091.611 3501 17
29422.251 51132.613 3501 17
29443.74 51092.825 3501 17
29443.692 51092.389 3501 17
29443.691 51092.312 3501 17
29443.357 51092.89 3501 17
29443.732 51092.887 3501 17
29459.464 51089.762 3501 17
29432.019 51108.005 3501 17
29490.962 51077.446 3501 17
29477.56 51033.158 3501 17
29441.654 51025.213 3501 17
29443.403 51092.591 3501 17
29465.596 51059.02 3501 17
29456.66 51030.994 3501 17
29463.295 51062.417 3501 17
29448.048 51091.022 3501 17
29396.524 51159.923 3501 17
29395.675 51160.118 3501 17
29454.182 51030.195 3501 17
29455.804 51030.26 3501 17
29432.019 51108.015 3501 17
29436.732 51090.358 3501 17
29443.481 51092.717 3501 17
29466.815 51061.887 3501 17
29467.106 51062.658 3501 17
29466.871 51062.517 3501 17
29458.797 51088.193 3501 22
29491.348 51105.605 3501 8
29510.64 51076.323 3501 12
29452.43 51086.23 3501 12
29449.947 51096.907 3501 12
29426.545 50598.465 3501 12
29395.618 51153.193 3501 27
29474.381 51066.837 3501 27
29460.461 51092.232 3501 5
29418.241 51134.288 3501 5
29463.455 51087.349 3501 5
29488.615 51086.584 3501 5
29457.338 51088.065 3501 5
29429.399 50587.262 3501 5
29485.581 51106.273 3501 5
29444.364 51105.594 3501 5
29460.461 51092.232 3501 5
