Algorithm, Obj., Time, iter,
SJC1:
Farthest,	25905,	0.023,	0,
Density,	19308.4,	0.072,	10,
HMeans,	18181,	0.014,	7,
HMeans,	21445.7,	0.009,	4,
HMeans,	19529.7,	0.405,	1001,
HMeans,	19773.6,	0.013,	7,
HMeans,	19732.5,	0.008,	4,
HMeans,	21031.4,	0.006,	4,
HMeans,	19493.5,	0.009,	5,
HMeans,	19794.9,	0.008,	7,
HMeans,	19095.3,	0.006,	4,
HMeans,	22028.5,	0.006,	4,
JMeans,	20458.2,	0.313,	7,
JMeans,	20774.2,	0.501,	10,
JMeans,	19485.6,	0.279,	6,
JMeans,	20967.8,	0.315,	7,
JMeans,	19344.8,	0.659,	12,
JMeans,	21233.7,	0.281,	6,
JMeans,	19633.6,	0.585,	13,
JMeans,	19804.3,	0.426,	9,
JMeans,	21198.6,	0.404,	8,