Algorithm, Obj., Time, iter,
SJC2:
Farthest,	52008.6,	0.13,	0,
HMeans,	36622.1,	0.034,	8,
HMeans,	38186.6,	0.005,	3,
HMeans,	36140,	0.02,	5,
HMeans,	39795.2,	0.016,	4,
HMeans,	35359.3,	0.034,	11,
HMeans,	37408,	0.027,	6,
HMeans,	37906.7,	0.02,	5,
HMeans,	35780.6,	0.016,	4,
HMeans,	35141.6,	0.021,	8,
HMeans,	36720.9,	0.019,	9,
JMeans,	36057.2,	7.265,	20,
JMeans,	38807,	3.748,	10,
JMeans,	34850.9,	4.556,	13,
JMeans,	34865.5,	5.161,	14,
JMeans,	35835.3,	4.2,	12,
JMeans,	35627.1,	3.792,	12,
JMeans,	35807.1,	6.416,	17,
JMeans,	37140.8,	2.55,	8,
JMeans,	35299.7,	6.106,	18,
JMeans,	35389.2,	3.709,	11,
JMeans,	35990.4,	2.159,	7,