Algorithm, Obj., Time, iter,
SJC3b:
Farthest,	69956.2,	0.397,	0,
Density,	42409.6,	2.172,	10,
HMeans,	46906.1,	0.013,	6,
HMeans,	46342.1,	0.012,	6,
HMeans,	44691.8,	0.012,	6,
HMeans,	43026.5,	0.008,	4,
HMeans,	45592.4,	0.008,	4,
HMeans,	48480.1,	0.008,	4,
HMeans,	46456.4,	0.01,	5,
HMeans,	46290.3,	0.012,	6,
HMeans,	44349.2,	0.01,	5,
HMeans,	47451.4,	0.012,	6,
JMeans,	44513,	34.418,	17,
JMeans,	45846.3,	60.286,	28,
JMeans,	44931.9,	51.115,	24,
JMeans,	43865.1,	45.507,	21,
JMeans,	44108.7,	35.452,	17,
JMeans,	45535,	30.379,	15,
JMeans,	43671.7,	51.56,	22,
JMeans,	44752.1,	33.817,	17,
JMeans,	45378.7,	38.596,	16,