Algorithm, Obj., Time, iter,
SJC3a:
Farthest,	75861.7,	0.376,	0,
HMeans,	55321.8,	0.02,	4,
HMeans,	52080.2,	0.022,	3,
HMeans,	48758.8,	0.031,	5,
HMeans,	48328.6,	0.03,	5,
HMeans,	49907.7,	0.036,	8,
HMeans,	49243,	0.037,	7,
HMeans,	50238.6,	0.031,	5,
HMeans,	50873.4,	0.038,	7,
HMeans,	52471.4,	0.044,	6,
HMeans,	53040.8,	0.032,	5,
JMeans,	51266.4,	31.467,	19,
JMeans,	49337.4,	37.401,	21,
JMeans,	48492.3,	31.059,	20,
JMeans,	48441.1,	42.757,	22,
JMeans,	48130,	39.199,	22,
JMeans,	49848.7,	41.421,	23,
JMeans,	47975.7,	30.054,	17,
JMeans,	49088,	35.643,	20,
JMeans,	48692.3,	25.771,	14,
JMeans,	48504.9,	27.072,	17,
JMeans,	51738.7,	29.568,	17,