Algorithm, Obj., Time, iter,
SJC4a:
Farthest,	103080,	0.034,	0,
Density,	68293.9,	6.459,	10,
HMeans,	71087.9,	0.015,	5,
HMeans,	68537.9,	0.019,	6,
HMeans,	69293.2,	0.012,	4,
HMeans,	66414.9,	0.024,	8,
HMeans,	71149.4,	0.016,	5,
HMeans,	77386.9,	0.026,	8,
HMeans,	86996.5,	0.025,	7,
HMeans,	76217.8,	0.019,	6,
HMeans,	67870.3,	0.015,	5,
HMeans,	72424.1,	0.039,	12,
JMeans,	66358.8,	109.231,	24,
JMeans,	69493.7,	68.983,	16,
JMeans,	70491.4,	92.966,	22,
JMeans,	66975.4,	94.015,	21,
JMeans,	65461.1,	125.493,	28,
JMeans,	67642,	120.571,	27,
JMeans,	72588.3,	78.441,	19,
JMeans,	69335.6,	74.037,	18,
JMeans,	66818.8,	133.467,	28,
JMeans,	69757.1,	88.491,	21,

Farthest,	103080,	0.846,	0,
Density,	68293.9,	6.389,	10,
HMeans,	74603.3,	0.027,	8,
HMeans,	77414.5,	0.047,	14,
HMeans,	75284.2,	0.023,	7,
HMeans,	78994.8,	0.023,	7,
HMeans,	69329.6,	0.016,	5,
HMeans,	66461.3,	0.018,	6,
HMeans,	72501.5,	0.02,	6,
HMeans,	81673.8,	0.048,	6,
HMeans,	68281.2,	0.017,	5,
HMeans,	68609.6,	0.031,	10,
JMeans,	67913.8,	113.032,	26,
JMeans,	77126.1,	83.127,	19,
JMeans,	69223.1,	88.733,	21,
JMeans,	68614,	104.187,	22,
JMeans,	68277.9,	92.415,	20,
JMeans,	76866.4,	35.241,	9,
JMeans,	72743.2,	84.917,	19,
JMeans,	66825.9,	88.302,	22,
JMeans,	75159.8,	96.098,	22,
