Algorithm, Obj., Time, iter,
SJC4b:
Farthest,	92940.2,	0.881,	0,
HMeans,	57769.8,	0.02,	6,
HMeans,	57850.2,	0.02,	6,
HMeans,	59283.6,	0.014,	4,
HMeans,	57939.5,	0.024,	7,
HMeans,	58367.1,	0.016,	5,
HMeans,	59809.1,	0.032,	9,
HMeans,	58411.4,	0.014,	4,
HMeans,	58425.4,	0.021,	6,
HMeans,	60270.6,	0.021,	6,
HMeans,	66407.6,	0.019,	5,
JMeans,	56398.7,	161.003,	25,
JMeans,	57499.2,	175.589,	31,
JMeans,	57211.3,	134.617,	23,
JMeans,	56859.3,	183.024,	28,
JMeans,	56358.3,	202.417,	29,
JMeans,	56945.4,	183.462,	30,
JMeans,	59262.5,	155.435,	24,
JMeans,	56124.1,	212.194,	34,
JMeans,	57622.1,	192.716,	29,
JMeans,	57547.3,	164.435,	26,